[gd_scene format=3 uid="uid://b1btv1e02ogx6"]

[ext_resource type="Script" uid="uid://bwcalexqj8t6y" path="res://scripts/playerController.gd" id="1_3iqi6"]
[ext_resource type="PackedScene" uid="uid://dp6ux6yt1vn7n" path="res://prefabs/rcs.tscn" id="2_sb0hq"]
[ext_resource type="PackedScene" uid="uid://bd58wmudg6io2" path="res://effects/vaporjet.tscn" id="3_4smk2"]
[ext_resource type="Texture2D" uid="uid://d2gxjyj64ker4" path="res://assets/reticle.png" id="4_sb0hq"]

[sub_resource type="BoxMesh" id="BoxMesh_a6n6c"]
size = Vector3(0.8, 1, 2)

[sub_resource type="BoxMesh" id="BoxMesh_tob2n"]
size = Vector3(0.3, 0.5, 1)

[sub_resource type="CylinderMesh" id="CylinderMesh_bgfsh"]
top_radius = 0.03
bottom_radius = 0.06
height = 1.2

[sub_resource type="CylinderMesh" id="CylinderMesh_2axet"]
top_radius = 0.3
bottom_radius = 0.4
height = 0.4

[sub_resource type="CylinderMesh" id="CylinderMesh_eowjj"]
top_radius = 0.05
bottom_radius = 0.05
height = 0.2

[sub_resource type="BoxShape3D" id="BoxShape3D_y7cds"]
size = Vector3(0.8, 1, 2)

[sub_resource type="SystemFont" id="SystemFont_3iqi6"]
font_names = PackedStringArray("Monospace")
font_weight = 999
subpixel_positioning = 0

[sub_resource type="Theme" id="Theme_sb0hq"]
default_font = SubResource("SystemFont_3iqi6")

[sub_resource type="StyleBoxFlat" id="StyleBoxFlat_4smk2"]
bg_color = Color(0, 0, 0, 0.2)

[sub_resource type="StyleBoxFlat" id="StyleBoxFlat_a6n6c"]
bg_color = Color(0, 1, 0, 1)

[node name="playership" type="RigidBody3D" unique_id=1722565139]
mass = 1000.0
gravity_scale = 0.0
can_sleep = false
script = ExtResource("1_3iqi6")
boostStrength = 2800.0
rollStrength = 600.0

[node name="fuselage" type="MeshInstance3D" parent="." unique_id=274302439]
mesh = SubResource("BoxMesh_a6n6c")

[node name="gun" type="MeshInstance3D" parent="fuselage" unique_id=564655166]
transform = Transform3D(1, 0, 0, 0, 0.97291726, 0.23115362, 0, -0.23115362, 0.97291726, 0, 0.3730253, -0.29707682)
mesh = SubResource("BoxMesh_tob2n")

[node name="barrel" type="MeshInstance3D" parent="fuselage/gun" unique_id=380440782]
transform = Transform3D(1, 0, 0, 0, -0.25856617, -0.9659935, 0, 0.9659935, -0.25856617, 0, 0.029314429, 0.839772)
mesh = SubResource("CylinderMesh_bgfsh")

[node name="muzzle" type="Node3D" parent="fuselage/gun/barrel" unique_id=1877900672]
transform = Transform3D(1, 0, 0, 0, 1, 0, 0, 0, 1, 0, 0.6, -0.005)

[node name="rocketcone" type="MeshInstance3D" parent="fuselage" unique_id=323217211]
transform = Transform3D(1, 0, 0, 0, -4.371139e-08, -1, 0, 1, -4.371139e-08, 0, 0, -1.2)
mesh = SubResource("CylinderMesh_2axet")

[node name="conelight" type="OmniLight3D" parent="fuselage/rocketcone" unique_id=357610732]
transform = Transform3D(1, 0, 0, 0, -4.371139e-08, 1, 0, -1, -4.371139e-08, 0, -0.333, 0)
light_color = Color(0.78431374, 0.54901963, 0, 1)
shadow_enabled = true

[node name="lightcanL" type="MeshInstance3D" parent="fuselage" unique_id=1072627953]
transform = Transform3D(0.9961947, 0.08715574, -3.8096983e-09, 0, -4.371139e-08, -1, -0.08715574, 0.9961947, -4.3545054e-08, 0.4, 0, 0.92)
mesh = SubResource("CylinderMesh_eowjj")
skeleton = NodePath("../..")

[node name="frontlightL" type="SpotLight3D" parent="fuselage/lightcanL" unique_id=682583891]
transform = Transform3D(1, 8.881784e-16, 0, 0, -1.0728441e-07, -1, -4.440892e-16, 1, -1.07284414e-07, -0.009587109, 0.10958135, -4.7899533e-09)
light_energy = 0.0
light_specular = 1.0
spot_range = 80.0
spot_attenuation = 0.2
spot_angle = 15.0
spot_angle_attenuation = 0.21022354

[node name="lightcanR" type="MeshInstance3D" parent="fuselage" unique_id=1111441252]
transform = Transform3D(0.9961947, -0.08715574, 3.8096983e-09, 0, -4.371139e-08, -1, 0.08715574, 0.9961947, -4.3545054e-08, -0.4, 0, 0.92)
mesh = SubResource("CylinderMesh_eowjj")
skeleton = NodePath("../..")

[node name="frontlightR" type="SpotLight3D" parent="fuselage/lightcanR" unique_id=181099258]
transform = Transform3D(1, -8.881784e-16, 0, 0, -1.0728441e-07, -1, 4.440892e-16, 1, -1.07284414e-07, 0.009587109, 0.10958135, -4.7899533e-09)
light_energy = 0.0
light_specular = 1.0
spot_range = 80.0
spot_attenuation = 0.2
spot_angle = 15.0
spot_angle_attenuation = 0.21022354

[node name="lasgun" type="Node3D" parent="fuselage" unique_id=330602779]
transform = Transform3D(1, 0, 0, 0, 1, 0, 0, 0, 1, 0, 0, 1.01)

[node name="RCS_ULF" parent="fuselage" unique_id=696507406 instance=ExtResource("2_sb0hq")]
transform = Transform3D(0.70710677, -0.49999997, 0.49999997, 0, 0.70710677, 0.70710677, -0.70710677, -0.49999997, 0.49999997, 0.38387713, 0.48980945, 0.98094374)

[node name="RCS2_URF" parent="fuselage" unique_id=1944915636 instance=ExtResource("2_sb0hq")]
transform = Transform3D(0.7071067, 0.4999999, -0.4999999, 0, 0.7071067, 0.7071067, 0.7071067, -0.4999999, 0.4999999, -0.384, 0.49, 0.981)

[node name="RCS3_LLF" parent="fuselage" unique_id=2062897143 instance=ExtResource("2_sb0hq")]
transform = Transform3D(-0.7071067, -0.5, 0.49999994, 6.181724e-08, -0.7071067, -0.7071067, 0.7071068, -0.49999988, 0.49999994, 0.384, -0.505, 0.981)

[node name="RCS4_LRF" parent="fuselage" unique_id=1322900710 instance=ExtResource("2_sb0hq")]
transform = Transform3D(-0.7071067, 0.50000006, -0.49999997, -6.181724e-08, -0.70710677, -0.70710677, -0.7071068, -0.4999999, 0.49999997, -0.37982062, -0.5, 0.9708879)

[node name="RCS5_ULR" parent="fuselage" unique_id=1046686475 instance=ExtResource("2_sb0hq")]
transform = Transform3D(-0.7071067, -0.49999994, 0.49999994, 0, 0.7071067, 0.7071067, -0.7071067, 0.49999994, -0.49999994, 0.38387713, 0.48980945, -1)

[node name="RCS6_URR" parent="fuselage" unique_id=1445906018 instance=ExtResource("2_sb0hq")]
transform = Transform3D(-0.7071067, 0.4999999, -0.4999999, 0, 0.7071067, 0.7071067, 0.7071067, 0.4999999, -0.4999999, -0.384, 0.49, -1)

[node name="RCS7_LLR" parent="fuselage" unique_id=985590615 instance=ExtResource("2_sb0hq")]
transform = Transform3D(0.7060687, -0.5001066, 0.5013584, 0.0022493734, -0.70640254, -0.7078066, 0.7081397, 0.5008878, -0.49764383, 0.384, -0.505, -1)

[node name="RCS8_LRR" parent="fuselage" unique_id=1317124749 instance=ExtResource("2_sb0hq")]
transform = Transform3D(0.7071067, 0.5, -0.49999994, 6.181724e-08, -0.7071067, -0.7071067, -0.7071068, 0.49999988, -0.49999994, -0.37982062, -0.5, -1)

[node name="vaporjet_UBR" parent="fuselage" unique_id=39535163 instance=ExtResource("3_4smk2")]
transform = Transform3D(1, 0, 0, 0, 1, 0, 0, 0, 1, -0.371, 0.562, -0.99)
emitting = false

[node name="vaporjet_UBL" parent="fuselage" unique_id=270513962 instance=ExtResource("3_4smk2")]
transform = Transform3D(1, 0, 0, 0, 1, 0, 0, 0, 1, 0.372, 0.562, -0.99)
emitting = false

[node name="vaporjet_UFR" parent="fuselage" unique_id=182916388 instance=ExtResource("3_4smk2")]
transform = Transform3D(1, 0, 0, 0, 1, 0, 0, 0, 1, -0.371, 0.562, 0.98)
emitting = false

[node name="vaporjet_UFL" parent="fuselage" unique_id=1620283517 instance=ExtResource("3_4smk2")]
transform = Transform3D(1, 0, 0, 0, 1, 0, 0, 0, 1, 0.372, 0.562, 0.98)
emitting = false

[node name="vaporjet_DBR" parent="fuselage" unique_id=371360443 instance=ExtResource("3_4smk2")]
transform = Transform3D(1, 0, 0, 0, -1, 8.742278e-08, 0, -8.742278e-08, -1, -0.371, -0.58000517, -0.99)
emitting = false

[node name="vaporjet_DBL" parent="fuselage" unique_id=1649367396 instance=ExtResource("3_4smk2")]
transform = Transform3D(1, 0, 0, 0, -1, 8.742278e-08, 0, -8.742278e-08, -1, 0.372, -0.58000517, -0.99)
emitting = false

[node name="vaporjet_DFR" parent="fuselage" unique_id=700247349 instance=ExtResource("3_4smk2")]
transform = Transform3D(1, 0, 0, 0, -1, 8.742278e-08, 0, -8.742278e-08, -1, -0.371, -0.58000517, 0.98)
emitting = false

[node name="vaporjet_DFL" parent="fuselage" unique_id=1607037098 instance=ExtResource("3_4smk2")]
transform = Transform3D(1, 0, 0, 0, -1, 8.742278e-08, 0, -8.742278e-08, -1, 0.372, -0.58000517, 0.98)
emitting = false

[node name="vaporjet_RUF" parent="fuselage" unique_id=1273022399 instance=ExtResource("3_4smk2")]
transform = Transform3D(-4.3711385e-08, -0.99999994, 0, 0.99999994, -4.3711385e-08, 0, 0, 0, 1, -0.4850957, 0.47709537, 0.9904682)
emitting = false

[node name="vaporjet_RDF" parent="fuselage" unique_id=2000294636 instance=ExtResource("3_4smk2")]
transform = Transform3D(-4.3711385e-08, -0.99999994, 0, 0.99999994, -4.3711385e-08, 0, 0, 0, 1, -0.4850957, -0.4891151, 0.9843343)
emitting = false

[node name="vaporjet_RUB" parent="fuselage" unique_id=1202792324 instance=ExtResource("3_4smk2")]
transform = Transform3D(-4.3711385e-08, -0.99999994, 0, 0.99999994, -4.3711385e-08, 0, 0, 0, 1, -0.4850957, 0.47709537, -1.005295)
emitting = false

[node name="vaporjet_RDB" parent="fuselage" unique_id=1147863008 instance=ExtResource("3_4smk2")]
transform = Transform3D(-4.3711385e-08, -0.99999994, 0, 0.99999994, -4.3711385e-08, 0, 0, 0, 1, -0.4850957, -0.4891151, -1.0114291)
emitting = false

[node name="vaporjet_LUF" parent="fuselage" unique_id=467263563 instance=ExtResource("3_4smk2")]
transform = Transform3D(-4.371138e-08, 0.9999998, 0, -0.9999998, -4.371138e-08, 0, 0, 0, 1, 0.47359324, 0.47709537, 0.9904682)
emitting = false

[node name="vaporjet_LDF" parent="fuselage" unique_id=1961358157 instance=ExtResource("3_4smk2")]
transform = Transform3D(-4.3711385e-08, 0.99999994, 0, -0.99999994, -4.3711385e-08, 0, 0, 0, 1, 0.47359324, -0.4891151, 0.9843343)
emitting = false

[node name="vaporjet_LUB" parent="fuselage" unique_id=783374109 instance=ExtResource("3_4smk2")]
transform = Transform3D(-4.3711385e-08, 0.99999994, 0, -0.99999994, -4.3711385e-08, 0, 0, 0, 1, 0.47359324, 0.47709537, -1.005295)
emitting = false

[node name="vaporjet_LDB" parent="fuselage" unique_id=1461775831 instance=ExtResource("3_4smk2")]
transform = Transform3D(-4.3711385e-08, 0.99999994, 0, -0.99999994, -4.3711385e-08, 0, 0, 0, 1, 0.47359324, -0.4891151, -1.0114291)
emitting = false

[node name="vaporjet_FUR" parent="fuselage" unique_id=130603472 instance=ExtResource("3_4smk2")]
transform = Transform3D(1, 0, 0, 0, -4.3711385e-08, -0.99999994, 0, 0.99999994, -4.3711385e-08, -0.38396376, 0.47842565, 1.0769562)
emitting = false

[node name="vaporjet_FUL" parent="fuselage" unique_id=826273325 instance=ExtResource("3_4smk2")]
transform = Transform3D(1, 0, 0, 0, -4.3711385e-08, -0.99999994, 0, 0.99999994, -4.3711385e-08, 0.39157546, 0.47842565, 1.0769562)
emitting = false

[node name="vaporjet_FDR" parent="fuselage" unique_id=1518705098 instance=ExtResource("3_4smk2")]
transform = Transform3D(1, 0, 0, 0, -4.3711385e-08, -0.99999994, 0, 0.99999994, -4.3711385e-08, -0.38396376, -0.48975238, 1.0769562)
emitting = false

[node name="vaporjet_FDL" parent="fuselage" unique_id=894219831 instance=ExtResource("3_4smk2")]
transform = Transform3D(1, 0, 0, 0, -4.3711385e-08, -0.99999994, 0, 0.99999994, -4.3711385e-08, 0.39157546, -0.48975238, 1.0769562)
emitting = false

[node name="CollisionShape3D" type="CollisionShape3D" parent="." unique_id=1062015107]
shape = SubResource("BoxShape3D_y7cds")

[node name="Camera3D" type="Camera3D" parent="." unique_id=728669019]
transform = Transform3D(-1, 2.2626683e-08, -8.444392e-08, 9.781315e-09, 0.988819, 0.1491212, 8.687386e-08, 0.1491212, -0.988819, 0, 1.1796327, -3)

[node name="shipUI" type="Control" parent="Camera3D" unique_id=246002173]
layout_mode = 3
anchors_preset = 0
offset_right = 40.0
offset_bottom = 40.0

[node name="reticle" type="Sprite2D" parent="Camera3D/shipUI" unique_id=676894243]
modulate = Color(1, 1, 1, 0.6)
texture_filter = 1
position = Vector2(960, 455)
texture = ExtResource("4_sb0hq")

[node name="throttlebar" type="ProgressBar" parent="Camera3D/shipUI" unique_id=1499036294]
layout_mode = 0
offset_left = 1536.0
offset_top = 952.0
offset_right = 1792.0
offset_bottom = 1016.0
theme = SubResource("Theme_sb0hq")
theme_override_colors/font_color = Color(0, 0.9499975, 0, 1)
theme_override_colors/font_outline_color = Color(0, 0, 0, 1)
theme_override_constants/outline_size = 4
theme_override_font_sizes/font_size = 36
theme_override_styles/background = SubResource("StyleBoxFlat_4smk2")
theme_override_styles/fill = SubResource("StyleBoxFlat_a6n6c")
max_value = 1.0
step = 0.1
value = 0.5

[node name="throttlelabel" type="Label" parent="Camera3D/shipUI/throttlebar" unique_id=852330165]
layout_mode = 0
offset_top = -24.0
offset_right = 87.0
offset_bottom = -5.0
theme_override_colors/font_color = Color(0, 1, 0, 1)
theme_override_colors/font_outline_color = Color(0, 0, 0, 1)
theme_override_constants/outline_size = 4
text = "Throttle:"

[node name="debugtext1" type="Label" parent="Camera3D/shipUI" unique_id=608062288]
layout_mode = 0
offset_right = 40.0
offset_bottom = 23.0
