[gd_scene format=3 uid="uid://ckavqb25bdaul"]

[ext_resource type="PackedScene" uid="uid://ey0fupgyf7i2" path="res://prefabs/debris_1.tscn" id="2_tlwt5"]
[ext_resource type="PackedScene" uid="uid://brod0wp1vjaga" path="res://prefabs/debris_2.tscn" id="3_aqk2v"]
[ext_resource type="PackedScene" uid="uid://b1btv1e02ogx6" path="res://playership.tscn" id="4_036b0"]
[ext_resource type="PackedScene" uid="uid://b63l48cdwlolh" path="res://prefabs/debris_3.tscn" id="4_aqk2v"]

[sub_resource type="Environment" id="Environment_f3sb7"]
background_mode = 1
ambient_light_color = Color(0.48962224, 0.48962224, 0.48962218, 1)
ambient_light_energy = 16.0
reflected_light_source = 1

[sub_resource type="StandardMaterial3D" id="StandardMaterial3D_f3sb7"]
albedo_color = Color(18.892157, 18.892157, 18.892157, 1)
emission_enabled = true
emission = Color(1, 1, 1, 1)
emission_energy_multiplier = 16.0
backlight_enabled = true
backlight = Color(18.892157, 18.892157, 18.892157, 1)

[sub_resource type="SphereMesh" id="SphereMesh_tlwt5"]
material = SubResource("StandardMaterial3D_f3sb7")

[sub_resource type="StandardMaterial3D" id="StandardMaterial3D_fj7yv"]
albedo_color = Color(0, 0.23529412, 1, 1)
emission_enabled = true
emission = Color(0.60758764, 0.8056394, 1, 1)
emission_energy_multiplier = 0.25

[sub_resource type="SphereMesh" id="SphereMesh_aqk2v"]
material = SubResource("StandardMaterial3D_fj7yv")

[node name="World" type="Node3D" unique_id=1433116659]

[node name="WorldEnvironment" type="WorldEnvironment" parent="." unique_id=1538659703]
environment = SubResource("Environment_f3sb7")

[node name="sun" type="MeshInstance3D" parent="." unique_id=1801053054]
transform = Transform3D(2048, 0, 0, 0, 2048, 0, 0, 0, 2048, 128, 128, 4096)
mesh = SubResource("SphereMesh_tlwt5")

[node name="OmniLight3D" type="OmniLight3D" parent="sun" unique_id=1646863373]
light_color = Color(0.9171811, 0.9999997, 0.89824015, 1)
light_energy = 16.0
light_indirect_energy = 16.0
shadow_enabled = true
omni_range = 8192.0
omni_attenuation = 0.1

[node name="planet" type="MeshInstance3D" parent="." unique_id=305132737]
transform = Transform3D(256, 0, 0, 0, 256, 0, 0, 0, 256, 0, 0, -1391.4263)
mesh = SubResource("SphereMesh_aqk2v")

[node name="OmniLight3D" type="OmniLight3D" parent="planet" unique_id=1407109203]
shadow_enabled = true
omni_range = 1280.0
omni_attenuation = 0.4

[node name="star" type="MeshInstance3D" parent="." unique_id=336205239]
transform = Transform3D(1, 0, 0, 0, 1, 0, 0, 0, 1, 128, 128, 128)
mesh = SubResource("SphereMesh_tlwt5")

[node name="star2" type="MeshInstance3D" parent="." unique_id=486559629]
transform = Transform3D(1, 0, 0, 0, 1, 0, 0, 0, 1, -256, -256, -256)
mesh = SubResource("SphereMesh_tlwt5")
skeleton = NodePath("../star")

[node name="star3" type="MeshInstance3D" parent="." unique_id=142713324]
transform = Transform3D(1, 0, 0, 0, 1, 0, 0, 0, 1, 256, 256, -256)
mesh = SubResource("SphereMesh_tlwt5")
skeleton = NodePath("../star2")

[node name="star4" type="MeshInstance3D" parent="." unique_id=1749043793]
transform = Transform3D(1, 0, 0, 0, 1, 0, 0, 0, 1, 256, -256, 256)
mesh = SubResource("SphereMesh_tlwt5")
skeleton = NodePath("../star3")

[node name="star5" type="MeshInstance3D" parent="." unique_id=2051033484]
transform = Transform3D(1, 0, 0, 0, 1, 0, 0, 0, 1, 128, 256, -256)
mesh = SubResource("SphereMesh_tlwt5")

[node name="star6" type="MeshInstance3D" parent="." unique_id=1629370016]
transform = Transform3D(1, 0, 0, 0, 1, 0, 0, 0, 1, -128, 128, -256)
mesh = SubResource("SphereMesh_tlwt5")
skeleton = NodePath("../star")

[node name="star7" type="MeshInstance3D" parent="." unique_id=2104512131]
transform = Transform3D(1, 0, 0, 0, 1, 0, 0, 0, 1, -256, 256, -256)
mesh = SubResource("SphereMesh_tlwt5")
skeleton = NodePath("../star2")

[node name="star8" type="MeshInstance3D" parent="." unique_id=965896356]
transform = Transform3D(1, 0, 0, 0, 1, 0, 0, 0, 1, 128, -128, -256)
mesh = SubResource("SphereMesh_tlwt5")
skeleton = NodePath("../star3")

[node name="star9" type="MeshInstance3D" parent="." unique_id=1935684275]
transform = Transform3D(1, 0, 0, 0, 1, 0, 0, 0, 1, -128, -256, 256)
mesh = SubResource("SphereMesh_tlwt5")

[node name="star10" type="MeshInstance3D" parent="." unique_id=1209474138]
transform = Transform3D(1, 0, 0, 0, 1, 0, 0, 0, 1, 256, 0, 0)
mesh = SubResource("SphereMesh_tlwt5")
skeleton = NodePath("../star")

[node name="star11" type="MeshInstance3D" parent="." unique_id=1599117313]
transform = Transform3D(1, 0, 0, 0, 1, 0, 0, 0, 1, -256, 128, 256)
mesh = SubResource("SphereMesh_tlwt5")
skeleton = NodePath("../star2")

[node name="star12" type="MeshInstance3D" parent="." unique_id=1785417539]
transform = Transform3D(1, 0, 0, 0, 1, 0, 0, 0, 1, 256, 256, 256)
mesh = SubResource("SphereMesh_tlwt5")
skeleton = NodePath("../star3")

[node name="star13" type="MeshInstance3D" parent="." unique_id=395951264]
transform = Transform3D(1, 0, 0, 0, 1, 0, 0, 0, 1, -256, 0, 0)
mesh = SubResource("SphereMesh_tlwt5")

[node name="star14" type="MeshInstance3D" parent="." unique_id=112222397]
transform = Transform3D(1, 0, 0, 0, 1, 0, 0, 0, 1, 128, 0, 256)
mesh = SubResource("SphereMesh_tlwt5")
skeleton = NodePath("../star")

[node name="star15" type="MeshInstance3D" parent="." unique_id=1883638832]
transform = Transform3D(1, 0, 0, 0, 1, 0, 0, 0, 1, -256, 0, -128)
mesh = SubResource("SphereMesh_tlwt5")
skeleton = NodePath("../star2")

[node name="star16" type="MeshInstance3D" parent="." unique_id=1342414778]
transform = Transform3D(1, 0, 0, 0, 1, 0, 0, 0, 1, 256, -256, 256)
mesh = SubResource("SphereMesh_tlwt5")
skeleton = NodePath("../star3")

[node name="debris1" parent="." unique_id=1894573125 instance=ExtResource("2_tlwt5")]
transform = Transform3D(0.48672223, 0.82543886, 0.28592375, -0.7117188, 0.5644917, -0.4180974, -0.50651544, 0, 0.862231, 3.2184777, 2.3724322, 3.7976553)

[node name="debris2" parent="." unique_id=643884259 instance=ExtResource("3_aqk2v")]
transform = Transform3D(0.30831975, 0, -0.9512828, 0.65045923, 0.729697, 0.21081997, 0.6941482, -0.6837706, 0.22498, 2.4678926, 4.444309, 6.568337)

[node name="debris3" parent="." unique_id=248284030 instance=ExtResource("2_tlwt5")]
transform = Transform3D(0.6319055, 0.2544991, -0.7320696, -0.3095297, 0.94882226, 0.06267285, 0.7105539, 0.18699408, 0.6783409, -9.731171, -0.8537636, 4.44284)

[node name="debris4" parent="." unique_id=1539228302 instance=ExtResource("3_aqk2v")]
transform = Transform3D(-0.5652702, 0.65045923, -0.50731885, 0.8215279, 0.3883052, -0.41750568, -0.07457583, -0.65278006, -0.75386775, -3.0195532, 5.339588, 16.667736)

[node name="debris5" parent="." unique_id=504771708 instance=ExtResource("4_aqk2v")]
transform = Transform3D(0.6024978, 0.26142251, 0.754092, 0.79812056, -0.19734676, -0.56926084, 0, 0.94483465, -0.32754767, 4.2653217, 0.26684558, 22.511911)
angular_velocity = Vector3(0.17453292, 0, 0.34906584)

[node name="debris6" parent="." unique_id=1691735052 instance=ExtResource("2_tlwt5")]
transform = Transform3D(0.48672223, 0.82543886, 0.28592375, -0.7117188, 0.5644917, -0.4180974, -0.50651544, 0, 0.862231, -7.8348517, 2.3724318, -4.21529)

[node name="debris7" parent="." unique_id=1017787145 instance=ExtResource("3_aqk2v")]
transform = Transform3D(0.30831975, 0, -0.9512828, 0.65045923, 0.729697, 0.21081997, 0.6941482, -0.6837706, 0.22498, -5.9740047, -3.5490627, -18.275238)

[node name="debris8" parent="." unique_id=147304095 instance=ExtResource("2_tlwt5")]
transform = Transform3D(0.6319055, 0.2544991, -0.7320696, -0.3095297, 0.94882226, 0.06267285, 0.7105539, 0.18699408, 0.6783409, 6.3335495, -4.6117477, -11.433695)

[node name="debris9" parent="." unique_id=1363427229 instance=ExtResource("3_aqk2v")]
transform = Transform3D(-0.5652702, 0.65045923, -0.50731885, 0.8215279, 0.3883052, -0.41750568, -0.07457583, -0.65278006, -0.75386775, 5.6756067, 5.339588, -15.596878)

[node name="playership" parent="." unique_id=1722565139 instance=ExtResource("4_036b0")]
